 Yams(10000)  0.0379   0.0457  0.0418
 Yams(10000)  0.0438   0.0522  0.0480
 Yams(10000)  0.0464   0.0550  0.0507
 Yams(10000)  0.0401   0.0481  0.0441
 Yams(10000)  0.0370   0.0448  0.0409
 Yams(100000)  0.0447   0.0473  0.0460
 Yams(100000)  0.0432   0.0457  0.0445
 Yams(100000)  0.0443   0.0468  0.0456

 YamsCond(10000)  0.0454   0.0503  0.0478
 YamsCond(10000)  0.0439   0.0485  0.0462
 YamsCond(10000)  0.0438   0.0484  0.0461

 YamsCond(100000)  0.0452   0.0467  0.0460
 YamsCond(100000)  0.0453   0.0468  0.0460
 YamsCond(100000)  0.0447   0.0461  0.0454

 YamsE(10000)  0.0451   0.0480  0.0466
 YamsE(10000)  0.0438   0.0467  0.0452
 YamsE(10000)  0.0443   0.0472  0.0458
--on remarque que yams E plus précis

 YamsE(100000)  0.0453   0.0462  0.0458
 YamsE(100000)  0.0458   0.0468  0.0463
 YamsE(100000)  0.0455   0.0464  0.0460
